4
13108
3277
16192
4096
49
2
16382
16336
16372
193
13312
15604
15616
781
16383
769
772
16
3073
33
8192
9
16376
15613
129
5
16368
12288
16189
12484
196
3901
15872
16128
513
1024
13309
15360
2049
14336
52
4093
3121
16380
3076
12481
3904
3085
4048
820
12301
3328
16324
12292
12337
205
16144
3841
2185
64
15565
961
3268
4084
3316
256
12544
61
16180
10921
3265
241
3853
3124
13117
832
3280
208
12532
817
15
3892
5461
15364
4081
4033
3856
15601
13105
15424
13057
15870
15568
3133
1021
3844
4036
12340
13654
16254
5120
12529
521
515
4370
12304
1009
57
15019
253
976
16374
12015
1093
15292
16340
964
16350
13249
8196
15376
16141
225
4045
15864
829
11
7510
16208
3136
10891
13252
16370
15357
15409
10924
13297
5590
13060
3889
261
13311
5974
12352
2731
5470
15553
2177
244
15556
2057
3313
60
8190
3088
15838
20
897
131
3585
12349
2051
13568
16248
1012
16127
10795
8195
12303
8
12
2081
15680
80
1023
6
15373
16124
2052
258
63
14328
4089
8875
14304
1280
973
41
16335
16344
3840
161
16224
10939
5494
1028
5458
7681
16319
12277
12290
12541
771
16371
3072
10241
207
15744
16260
16308
13316
14340
4092
35
12285
960
3149
255
12291
8225
8160
4088
137
16143
16379
3617
5206
15359
45
16356
6144
66
15168
641
10411
2048
15615
2561
516
4095
15840
16322
4109
15828
4438
16191
11947
14206
8189
69
3075
13248
18
4112
16349
31
8745
6008
13236
14338
15105
12800
15876
68
4065
10377
783
77
8062
8705
16351
2817
1026
3777
8064
8184
51
16367
15362
16148
1017
14400
15156
8205
21
16080
7640
16196
5976
260
8207
16304
2595
2179
14208
8323
16272
7544
16328
5446
3279
29
1366
4160
16357
545
10409
12287
15296
5982
269
320
4928
4352
15344
5117
16130
16342
8201
16125
9216
11520
2211
2187
547
8144
3789
15620
14593
16323
81
16188
15363
16253
16316
4064
14352
4865
15612
54
16131
16160
14333
4100
13076
8841
4098
13782
3969
15358
13107
13824
8329
19
15348
7680
13790
192
768
945
7542
14592
240
15104
4080
15600
36
4083
16112
8867
14198
14302
15108
11179
993
12543
16341
305
16317
3588
8448
11264
3087
14174
705
8241
16245
16244
2061
4032
16305
15888
13056
16338
4161
512
3327
1029
12608
132
8843
15312
10987
195
15869
16255
1217
8353
8208
1037
3201
249
15356
16378
113
10793
4101
16332
8244
16161
8256
32
43
177
5118
4047
16176
15936
3070
12273
15632
16068
15552
4077
12596
12033
975
8032
5121
15824
5057
15809
12297
4353
14349
16205
1040
643
801
8056
13784
10753
3837
14081
4916
14465
16241
1089
2699
2083
3903
15488
15668
13116
14849
16116
3069
12240
4052
8177
14326
2571
8030
141
16185
12548
201
449
788
12272
272
13296
3297
3309
252
900
1073
16354
13119
828
128
13172
8713
13376
13185
15428
16212
227
2601
16064
14339
7937
7424
4017
15742
12276
15489
4289
4609
4145
13328
8835
3713
836
12528
8197
1229
3920
7678
5376
13308
12225
15423
4086
3917
15440
10244
1041
1232
317
8129
2569
1016
15584
10401
7648
481
73
1088
4864
273
12284
13814
1921
16355
16252
15375
3341
15860
15862
3897
4113
5072
12224
3377
4157
3597
212
10249
7638
2064
16077
15609
15588
16065
7672
14296
4061
3984
7936
12032
16222
15856
8173
15871
12495
825
8873
2304
831
12483
13263
13314
4099
3584
15603
14388
1793
4091
16195
13508
5119
11268
22
16164
13686
12093
15677
12531
10379
15664
4111
4062
3968
8747
259
15597
14144
243
13184
12308
2729
1281
11777
228
5592
15665
3009
14385
15585
4148
777
12321
16246
16204
15605
16318
67
2603
11329
15712
13520
3213
16361
3381
16258
13505
929
4225
16126
16016
8363
8158
4437
2053
6006
3873
4292
16207
2097
16360
2209
16269
10787
4868
15352
12513
13632
145
8961
239
13293
15567
5472
11521
200
15343
4068
3792
3332
13656
3521
561
8181
5598
16292
13662
12320
14176
13569
248
13325
15345
13565
7512
16366
3649
14580
11183
13305
15734
10273
14564
980
3140
7550
3860
16111
4051
5632
2833
14656
12804
12096
15736
1090
649
10281
16288
16179
15861
845
16194
7373
8185
15618
16200
3057
16306
47
12281
3855
13524
224
3843
3300
5112
14335
86
2945
15874
14529
3284
229
8708
233
6142
3081
13504
10883
37
3273
16363
7425
3392
8000
1153
8385
8707
523
15812
15380
948
2593
13268
4110
3129
8388
13315
3600
12356
3152
15696
10913
3791
15608
14324
3780
13284
4035
289
4041
8176
4029
2563
13566
14288
14589
180
2045
15420
13280
12345
10369
4079
2305
12300
79
15297
4880
7488
15417
8227
213
12593
525
15924
5202
2241
4301
13364
14351
16242
2689
12336
10763
9215
2063
12351
12368
553
12339
58
321
15120
16276
3641
15841
3825
1221
2112
3648
3071
1220
5457
683
16214
3839
9213
2089
15681
12547
8182
16259
765
10243
10889
15629
15885
14197
15437
12257
576
6112
517
12223
13816
16197
8355
1265
169
8249
15678
15300
6014
1076
116
13792
6104
11277
13101
3312
15165
16313
15233
6102
3869
15103
12416
9024
1011
673
15832
3953
10275
185
16100
11328
13553
2691
13053
14084
2033
4063
15933
15857
13233
5105
2868
3345
3200
12011
13059
8141
4877
509
16113
2832
14369
8715
14544
3633
15619
11472
3389
819
957
189
1039
163
849
963
1005
899
12516
13071
1027
13188
969
12557
753
1277
13092
2047
3123
13380
15940
5124
2046
4416
2829
5622
13295
8152
911
12237
15368
14166
642
15557
905
11313
2723
1033
14912
13281
11325
4162
14209
3135
708
14272
8257
681
4884
8233
4117
3344
8833
5496
3092
13005
4090
2820
6110
2721
13688
4020
15648
120
3900
16299
13377
8200
2697
14325
16136
13664
5205
3276
14532
8001
8964
3533
1805
171
14848
5109
14577
16137
13200
3132
16000
15164
3636
3599
12485
11517
16243
12241
15372
3293
4025
11457
16312
16066
15702
8054
14168
12324
16271
528
4073
15555
8188
8065
15704
13822
4102
15124
14332
211
881
204
14292
15153
3024
7217
15117
1985
2341
5377
3321
4038
2217
2865
12161
15328
4948
16114
15537
4925
10240
15492
8022
223
3821
15937
13572
14341
1268
1057
4116
3781
12864
996
16291
13265
125
13299
8128
3060
15084
4069
1857
15844
16173
10496
8161
126
3645
577
7361
7229
16307
7670
989
3581
221
15427
3828
4372
2564
9217
3380
14321
8253
15875
3885
12525
5397
13517
12317
5060
13104
143
4144
1844
4105
15232
1856
15636
30
10761
2253
16206
787
5122
5441
190
651
511
10755
16211
12740
15295
11263
15309
10995
497
3809
349
3065
12993
10283
4422
16096
16097
7684
16273
16147
15040
3393
10371
12605
3361
15952
4129
2000
15392
16120
780
78
216
5984
14273
4356
15669
3888
12097
12560
13262
16223
1007
13251
15549
3909
3553
5116
127
1278
2059
3204
14596
13444
3569
16249
7170
13327
3961
13136
14590
16209
12564
12500
5504
8016
3264
9168
15473
3141
16043
968
15560
16157
9204
3320
3966
15652
15821
909
8209
210
15169
4349
181
7232
15346
12081
144
464
1014
9472
14852
15396
226
4104
9124
8024
8865
3593
13245
14561
274
1365
15316
12465
10944
13088
12341
12540
3315
12797
85
5463
1019
5630
5110
15485
1085
14541
12354
12365
12480
4682
7997
737
12283
3823
13113
13696
13440
3972
7509
13567
10251
11007
16163
139
720
527
15868
7489
222
14397
3849
13089
766
14977
12546
14276
246
992
4434
8449
15476
14824
15904
12401
3061
4337
251
8150
16310
15408
16213
4053
10922
2219
4050
1101
16109
14096
5056
912
14401
5570
10143
10928
529
2273
16287
816
12737
8331
3985
3252
3536
5189
14345
13653
8400
3311
88
767
3921
4056
797
3151
1249
3587
15329
12752
3965
16261
7552
8212
4128
133
8145
16121
15684
2301
6134
15540
15035
956
12228
804
15426
13044
38
2062
3301
12128
3586
2084
16264
10255
250
10881
12816
913
16140
16001
959
991
14160
15011
15504
4612
12350
16268
14591
8740
12996
14320
5442
14847
15411
813
12269
15921
16286
238
12256
3664
1841
898
13277
3267
5071
14145
5069
7181
2816
8148
8447
1808
12036
8361
16210
848
4001
9201
13109
10785
4118
16146
4879
15830
3117
14384
15289
13633
8245
322
2065
8053
1301
9012
7220
3589
4165
13124
2113
13055
11951
12537
12803
4913
3145
3981
3727
2058
14260
4365
12514
16084
14293
13256
4993
5076
117
15023
15017
13244
14294
11501
16326
40
3084
12048
1032
1104
15859
461
16067
7940
7985
972
15236
978
14644
3101
981
15853
3848
2240
2881
2017
15581
4672
953
2560
3333
9220
11393
7617
271
12160
14350
5973
3913
3025
4340
16004
12799
12802
12786
3385
15625
12049
4040
800
15672
8235
14305
2275
4942
13260
5113
6136
12738
8320
15599
3188
13317
12788
9153
16301
14528
15371
15621
7873
15119
4350
721
13041
2100
12355
15810
2180
5394
13133
14353
12229
12029
3824
16044
15935
7744
3721
12245
3918
15353
15729
10305
7520
12203
14576
8095
4031
837
15341
8251
4067
1279
14467
5445
15275
9205
13169
5889
16003
13540
510
13302
1185
14368
5624
13381
2849
16300
14212
3582
15683
4153
4066
12404
569
7297
8224
12785
3891
5136
8324
14610
4107
901
884
7502
265
15024
7803
15892
12488
16265
2877
14148
5589
8204
1842
3012
16221
1038
2037
4737
709
44
4075
4054
3977
8113
13781
15949
15839
7637
262
7176
11905
12307
1796
4164
16303
4158
4288
15327
2040
2191
15881
3185
3745
14371
12045
15932
3331
2752
15666
465
309
555
4368
8420
2565
1018
16275
916
3064
5104
16315
3059
11316
16171
12221
3041
12420
15700
8397
4675
13554
11581
7919
2307
4992
9152
2302
5126
824
2249
4044
2256
12031
5044
76
10875
10917
14082
1044
10256
1233
1161
1034
12209
6035
15679
12561
2753
8252
8512
14468
3663
13694
893
3919
4149
1923
236
12813
16115
8149
2029
9285
7376
6143
3601
12299
13197
11840
979
12261
14289
12208
4028
2105
14850
4357
13392
15291
1997
14264
13761
6005
15676
14164
4321
2060
15332
10304
13534
4176
16032
234
24
12286
15041
178
15635
276
675
3020
5267
14303
4673
15651
8445
10756
3793
12344
13570
15564
72
12323
3233
13506
3249
9103
7802
16098
12294
15855
14851
524
564
889
8228
14291
11776
3216
4156
3576
12577
4404
8068
14377
14864
841
11251
3833
15184
15826
14416
342
16033
13537
11519
15347
15732
5379
8248
501
13332
7808
2244
7233
8017
291
15474
12432
14322
16362
11505
786
7696
14196
1092
7541
3330
16048
15634
13052
16159
15663
13278
3956
316
7952
2036
1036
12306
11508
16187
2001
13813
15140
3068
14158
16152
4401
13307
14210
3537
12744
4114
84
14136
11259
4624
4617
13320
3296
16063
8255
9558
12848
337
3715
4290
12413
10895
8020
3836
3661
4944
3524
3906
1972
147
3023
13329
1345
2041
10232
11281
14594
12220
16162
10911
8187
4182
14881
463
12492
1181
16270
13074
3907
14883
15248
4043
7949
5115
13348
5471
12781
319
7776
4076
235
7412
15920
14891
15281
2031
3983
8433
13560
15741
593
15355
846
14093
16250
8021
15395
3342
1042
13204
1154
12468
3318
14595
12798
1807
13378
3577
7422
11489
4417
14979
10239
13306
7649
3573
318
16099
15740
14329
13456
74
659
8769
14241
14788
4929
906
8384
997
8452
15101
15121
14224
827
7679
16290
13571
12562
14323
12536
14530
3120
15938
13326
14290
4984
7953
6016
15610
4115
13809
3776
500
14399
15843
990
16330
13650
13379
8194
5088
8186
2819
5440
5450
13522
14563
15631
13266
2293
995
7477
7364
3550
14285
15491
4152
12084
4351
13087
11584
2497
2121
14083
7935
11269
15152
15166
15290
7225
16072
847
5600
14612
8126
3008
931
4641
5185
5135
1155
3305
13279
15389
179
13507
3078
13181
7389
2109
12319
4354
14348
3138
10131
15586
15109
4917
13620
3851
7755
7754
13373
3067
4866
9363
13070
3957
4224
15263
306
7669
8159
6827
15865
13523
8243
16082
1302
14372
2308
3657
2289
7934
8164
2085
12253
15661
12580
3058
3113
3108
15880
5123
11968
1297
15228
7173
12265
12924
15320
15989
14846
15848
8761
10432
11809
4159
9097
4960
15693
293
1821
7454
8976
15811
9375
15667
4126
15282
894
4177
14562
4131
15112
8143
3761
5073
3876
16123
15842
6098
288
1030
2281
1853
13821
8014
11963
7745
946
14396
13443
16251
2044
12333
12347
11003
5208
5012
12248
3859
9156
7473
14129
1939
7809
4730
1969
15122
15087
15088
895
15500
1001
13068
8162
8260
2317
13217
3652
15996
12089
12489
15298
11841
13552
12512
7933
15311
655
548
13779
8169
15822
2243
11969
13267
4621
14386
778
13345
3128
2195
8719
3619
264
2189
14228
12085
3565
1261
2091
148
12944
8031
2369
2292
3209
1284
4694
456
7504
4872
15682
3583
1811
1809
7461
3877
7647
16274
8125
803
15378
1924
4440
10245
7171
11261
12477
2068
7485
8060
1344
799
479
815
12244
13257
14259
15825
15350
530
165
75
16168
779
3337
8049
7409
11793
15299
7664
16139
14147
789
14344
10175
11945
2056
7428
1072
93
5086
1861
13764
8847
1156
8211
4613
15823
12849
9091
12509
2993
296
14356
12217
4867
198
14987
5133
2303
292
15107
8157
14641
15827
15570
531
834
13187
7441
15813
14286
2257
1794
214
1043
3103
3971
324
7756
5498
12861
15354
11787
1989
7656
14480
15905
1264
2947
15508
11765
971
15886
15743
16036
8175
835
3813
11009
1074
2096
508
11913
14608
15884
4000
4863
3552
3056
3716
13536
4610
12233
14831
11981
15524
14543
2818
16165
4106
14163
14207
13558
15294
15997
11321
146
15988
14308
520
15929
14466
16175
7775
2339
756
14271
12001
9165
3812
1984
14857
15733
3887
15487
275
173
1171
704
14497
4355
12498
3408
7801
16172
13186
3572
203
13521
5460
580
4611
14819
2953
14301
2337
3055
826
15650
7885
9092
290
3712
4739
11243
15583
4990
4385
12271
313
5400
16297
947
719
526
3295
12329
9229
2233
1988
4643
3294
7800
522
15167
15265
457
7888
15858
5380
96
861
1097
4693
5890
15172
10991
12994
202
13538
12929
8931
15310
11973
3270
15837
7480
8959
3967
2093
3829
2821
14499
15907
15304
14114
11833
14900
8973
15689
5892
4233
14268
8063
3053
505
9209
11811
13360
982
12267
15317
3091
5373
1053
2066
12607
8339
13459
5214
7806
1298
5184
3215
3817
82
341
3832
3973
7713
14845
8029
12604
4227
5414
15606
12005
9025
2896
8768
3456
13201
4305
4980
4932
2245
932
2624
8005
14832
13285
12298
4146
7804
14976
3197
14387
14398
142
2625
270
10276
6141
123
5333
12260
14211
3653
12527
5569
15877
2536
15301
16186
13140
12003
5269
2016
5894
2959
118
15245
2633
6129
14814
7633
9211
7693
3964
1163
8165
7636
4801
8057
3148
2961
8097
15444
3010
16035
11196
14403
3028
9232
2562
