1024
3073
49
3328
13
4093
4084
4048
3279
817
4045
3
52
4088
832
772
788
193
2
4036
205
4081
3840
1012
64
769
3265
308
3149
15
3076
4092
1229
828
3789
2049
3309
4080
208
3892
1009
4032
4064
9
2048
3072
256
129
257
3325
513
948
3791
33
973
3841
4033
1021
3133
3968
3903
3584
60
961
3136
3268
3853
241
3085
3585
276
306
3856
253
2868
260
1280
3844
1022
3088
4047
3834
3552
57
545
784
4052
2052
1023
964
897
4068
3824
3313
3392
4062
244
3582
273
225
4079
35
3124
255
1028
3839
4065
68
956
4091
3920
18
63
515
1026
8
3969
137
3984
3821
4028
20
3960
2083
3705
254
2057
1029
69
3071
2051
12
2304
2561
2046
3648
993
258
2209
4083
3327
3448
3889
4077
1281
1017
3828
1089
11
2177
4090
1008
19
768
194
320
1918
4063
512
553
3574
2014
3075
2544
3588
4029
3838
1088
3332
977
960
1169
868
4076
1027
3573
3137
1221
21
1040
3908
4053
1019
1920
3972
2040
3069
2047
10
1278
245
2112
2817
785
2045
4056
2816
3087
641
516
249
3002
2064
1536
3326
3068
1043
4020
59
514
3713
3837
2063
3792
1153
2273
58
3008
3556
4050
3312
161
4051
37
4061
1073
2008
1793
2179
29
3934
2053
3967
1217
770
1039
1279
4069
3600
649
3551
1910
3293
1037
3593
975
577
3344
2084
67
3264
3777
41
1016
3999
821
3776
4072
81
3384
197
321
2187
128
1984
900
2305
3708
3936
913
48
2254
3089
3988
3918
3583
980
259
4044
3324
36
2593
31
3712
643
783
3568
3064
1277
3888
1888
945
2569
3964
848
3456
73
3311
929
836
4016
3958
305
4073
1231
523
113
569
2945
289
1493
145
4040
56
3917
3544
3586
1921
3664
896
77
3843
830
1233
3152
2560
45
825
1368
240
3001
1344
4000
3900
1057
3200
705
3201
4017
4030
4035
3061
2004
3860
3587
899
1245
3278
228
1108
192
3924
207
80
786
3365
996
2564
269
54
3393
3855
177
3643
2037
1033
3454
1248
4034
2793
1365
2533
3331
3581
2880
771
3961
3024
585
1018
1234
3769
2309
1014
3297
576
163
894
30
2595
3649
2033
4067
3842
1983
2344
233
831
229
1502
3833
2089
272
3872
1220
3857
237
130
2015
143
3541
2001
2050
1044
3658
3445
548
32
2061
3135
2732
449
1304
1011
3081
546
1284
1504
3377
3060
766
1857
211
3971
132
2044
3983
3721
139
4078
3956
4066
2303
3141
2041
252
2032
3330
3663
3902
1939
195
2056
275
1216
522
909
3296
3644
3408
3723
47
3389
3380
3382
826
511
634
1095
510
1096
2624
293
1038
291
3070
3965
2729
1985
801
804
1183
2275
1155
2241
2060
3361
3086
1528
3597
2113
239
1952
3317
3645
3832
4041
34
912
3897
212
3825
2820
767
1856
2100
1950
3009
1036
242
3962
959
3809
965
2212
2604
3360
201
3916
2881
3065
1268
1345
1076
931
4075
1876
2368
578
3560
4004
3963
841
3599
213
3536
3129
2281
3913
517
3953
3909
3633
1005
4001
141
1935
3907
3845
3057
2308
953
3580
2191
4021
3970
1161
1282
1269
3092
2036
849
3755
3521
121
3780
78
2617
2065
3806
22
3919
1937
1265
3284
1909
509
1032
561
265
529
737
1152
1105
782
3981
3985
317
991
3348
46
2815
3041
3314
1042
79
1104
3921
3957
3625
3140
884
3067
650
2005
3321
2293
992
1313
3772
1235
2003
2240
1936
916
845
127
4025
3349
147
3553
3048
2088
1085
3333
3774
3646
2101
4024
3084
243
3132
481
3728
2322
1874
223
889
2723
3987
1870
3390
3040
3710
3912
2188
1237
3567
3647
531
3364
1333
3598
3636
3601
1172
191
3906
185
3594
2752
571
2697
3406
2244
2085
3549
1094
4015
2596
1374
1034
40
962
683
3376
3566
2043
2284
144
1878
3896
1923
2181
751
133
1796
1875
834
3715
2552
979
640
3914
3617
3080
765
1101
1880
2097
4054
3300
3125
1030
2274
699
7
3422
943
2563
3346
2735
2301
3007
2176
1184
564
1336
526
1283
2059
3383
1887
2217
1297
2959
3391
224
1302
4074
3540
2795
74
1103
3123
2872
3976
3055
2794
1534
2944
1873
2987
3104
126
3873
3273
3341
2961
4019
3105
1007
3812
2549
85
1494
1156
3848
3642
3398
2337
3533
3876
97
3973
1924
2038
1077
2832
1182
2219
525
563
181
2699
4003
88
1056
2979
1955
1240
3044
248
2256
2603
3808
3345
3616
4012
1362
837
1916
886
3151
555
721
761
2186
3923
117
83
1263
3572
1154
963
3817
1249
587
292
1072
1168
2559
1809
881
1253
1844
190
1303
3707
2296
2017
777
1107
1400
227
3397
3596
2288
2105
3727
3619
3368
329
901
2689
2747
316
222
2292
2977
2600
1187
505
1264
633
2369
251
969
3542
3632
3577
159
3775
3455
3922
43
888
946
1092
325
3760
3661
3650
1090
3716
313
342
337
3045
1300
2000
2180
574
3592
4027
1953
24
978
3722
2002
2537
2529
3561
3813
1285
3935
3340
3820
497
1861
905
501
3025
2233
1980
2069
3188
1535
4042
852
1102
3849
2082
2210
3980
3122
1167
210
271
264
1170
3336
3652
3414
189
955
465
528
3320
638
1086
593
1968
4008
753
2104
1398
3343
981
3315
38
1045
2876
3049
675
2668
1976
915
334
204
4070
3589
1081
1408
250
319
2042
757
2936
1911
3301
1110
835
200
893
3564
3447
1141
3852
2121
4087
745
3337
3213
1035
3883
3977
3534
1940
125
2108
3796
1118
2520
3537
2096
2223
3869
3637
4018
3249
3028
1001
3807
3569
862
3039
3744
2996
4043
3388
3358
3877
1503
2597
787
3890
3120
3509
374
2287
3793
116
1792
3342
932
1276
1872
1097
157
1296
997
3565
246
3575
990
3891
527
3400
221
1084
3859
2062
2534
290
3012
898
937
187
673
70
3781
562
1272
1150
970
3295
3139
1006
892
838
82
3745
3928
1144
2562
3394
3982
3450
1429
1185
842
1312
530
3702
2253
3401
262
927
1247
322
764
1087
149
42
2572
2517
2192
2788
3145
1914
2013
925
2992
3396
314
318
954
1298
1273
3954
1808
2602
453
2068
2343
3215
226
3595
2953
524
478
3731
3653
2808
236
3402
1474
2109
630
3053
2576
169
3788
958
2345
2799
2948
3770
1165
1941
3986
625
238
2307
2339
704
2147
518
635
1065
2195
2302
2289
3524
3512
2357
2374
2297
2894
3094
2207
573
1070
847
3276
3395
3131
588
3880
2020
907
3082
910
2688
2813
3811
803
968
3407
3925
114
1525
1593
1163
2111
2116
3899
1473
464
2148
3604
708
44
3538
3252
4060
3363
504
2849
590
2980
2035
549
655
3101
688
1091
2814
2625
995
1775
55
2080
3052
989
890
3204
3062
138
1157
2532
2025
3117
2981
1492
3697
813
3998
232
3263
25
1969
3209
4026
3138
1977
3128
2095
2054
3711
1537
2833
179
4009
3662
2829
3029
2947
2236
3657
508
1605
592
268
850
1060
1252
2691
1860
1315
2127
1972
1125
580
1261
2785
3680
2277
797
118
3724
2175
1059
3620
288
1919
3185
1794
1350
1317
2006
720
142
2280
3267
1495
2117
1267
2557
3826
3666
2257
3359
1512
1988
485
1795
2497
1393
75
1173
3059
1266
3424
763
2115
2571
1915
972
3660
1864
1376
3078
3992
2803
895
4038
3203
756
2942
1299
3910
3220
776
3261
1329
315
2985
3232
304
3579
2960
3385
3520
579
3539
3199
2030
2620
1341
1982
4002
3244
1083
84
3412
188
2364
3631
2091
124
2896
3915
1913
1967
3810
3989
1262
2565
1211
267
297
575
1349
1270
2749
3416
2500
800
2029
1538
816
160
762
2128
3816
502
2956
1055
3761
1973
3729
559
1320
1841
1853
4011
235
885
76
2608
180
123
3409
2340
914
3714
3130
1257
3108
1526
2964
739
3640
2300
1577
3778
3794
1723
3405
452
3404
2910
1343
270
2261
1109
2800
2408
2245
2993
3685
3410
1054
3884
336
2864
947
891
1289
3013
2634
681
3885
3739
944
717
994
1053
2575
2325
2031
2633
2975
1944
3272
2836
3926
1922
1166
3091
3830
3668
1929
2469
1311
2079
1790
2092
3733
3543
725
3748
659
933
2193
2432
4005
384
657
2321
3322
3720
3997
2422
3651
2019
1979
2812
1120
469
2213
3797
3717
496
488
537
2877
3858
1340
1071
2819
1292
3197
2972
2692
310
1288
1004
3818
1665
146
3347
1274
3785
3449
3054
1675
286
1406
639
165
840
95
1361
2260
324
489
461
2145
3609
713
3323
1200
3819
1949
1000
554
1533
2623
2356
1805
3704
3000
1858
1902
2034
3352
656
3452
642
1218
3578
2365
3019
3148
863
2373
2492
328
484
1214
1151
3624
1201
4013
377
2526
234
3066
3726
1334
296
175
709
3083
86
1215
122
3021
2619
3979
312
2665
3529
1209
752
581
2821
176
2831
1364
2988
2249
4022
2424
823
4055
507
2071
864
3665
4057
2239
2577
2271
3898
178
3603
3678
740
3743
3955
1061
1328
3695
2312
2107
2865
853
1316
3305
2721
323
214
1848
1489
2528
3413
2805
266
23
2543
2897
3800
2889
4059
1332
2753
72
2021
158
3093
645
2351
703
2320
1545
1865
1658
1080
3283
2736
697
2319
565
3940
844
3773
1342
2272
162
3198
1859
982
3289
2730
1360
3871
706
4014
1938
1293
3043
1798
3217
1807
3558
3753
1238
2306
2028
780
216
385
1244
164
140
2884
1064
3525
2594
2681
89
3126
303
2558
1806
3510
330
1997
917
3815
93
3742
941
2067
148
3334
1098
570
2342
171
572
2934
3554
3764
2556
1824
2324
2243
2189
1823
3023
3861
2943
2682
1142
930
2259
3725
4010
3285
202
2531
3453
3756
1078
1003
3698
966
3027
2580
2535
2072
2848
1877
3732
3451
3784
1908
1114
3747
2568
1812
3369
2367
1069
747
1048
2885
1149
3881
3372
1491
2114
2197
3379
928
2224
3103
582
2900
1348
2527
3950
1082
1432
2613
2235
939
3555
3659
1074
2282
2751
1339
2997
851
3978
302
2933
3338
971
2809
3864
2983
1748
2129
2592
2208
1956
282
1998
3528
758
2879
3759
1188
3375
120
2801
495
3602
2540
1310
1500
1294
263
3851
338
399
2055
2093
3119
1520
2811
754
3032
3933
2024
520
3875
2058
1213
1934
3887
369
182
2621
3590
843
2313
1352
629
1981
3090
1532
1600
96
1058
2360
532
3441
3156
1162
3387
1476
3951
805
533
1505
594
1164
3471
3948
1177
1205
3457
2703
1571
2792
1971
466
94
3894
2940
714
1199
1618
723
2299
506
1358
115
1933
1146
760
1509
1585
3500
2984
1286
1145
1866
1295
2612
1148
382
2553
87
3638
3634
3850
566
2178
2352
1689
1760
1203
3153
1346
3786
2384
333
950
2949
341
3795
1275
3219
3931
1811
2285
3299
3248
2012
3308
480
301
335
908
2353
2704
2026
2578
500
865
2382
560
3674
468
1656
3827
2102
217
1917
1337
568
1031
3895
3386
3752
2291
2989
741
1931
2724
27
778
636
1119
2748
3233
203
2609
2421
2824
595
1563
402
1986
3846
1219
2513
1813
3423
2479
3535
3635
3628
644
1181
3779
3700
1610
278
903
1960
2390
1046
1925
2616
1531
1754
389
2622
3546
882
1758
998
479
2912
815
3479
3339
3805
748
2383
2110
952
1430
702
1049
3768
1855
2976
2574
26
1896
984
3492
150
1100
349
387
3763
2294
618
395
591
3357
2007
774
285
1015
2899
1905
3362
1553
1521
1797
1321
3519
1242
1825
1881
2183
3487
2998
373
654
1595
1849
1954
3107
1752
2607
1367
3146
3709
3374
3486
3570
3428
3937
2385
2585
3262
1260
383
134
746
857
1999
1868
1871
3411
750
2750
4023
3318
3063
1002
1305
3563
393
738
3058
2377
589
3765
878
3656
1961
2283
2852
2229
2756
2715
3038
2103
186
1225
1673
2169
799
2512
671
280
2317
3548
2220
2641
3017
1989
3257
2172
1508
331
1347
802
3051
3020
558
2963
1726
493
230
2472
779
3870
28
3477
1068
2376
173
3011
2286
1212
652
3373
3112
2541
498
2700
1290
294
1179
3605
1410
3746
2727
1867
1845
3430
3959
693
3196
3504
1140
1943
3626
1810
1251
3701
2201
936
637
861
1987
926
3260
1529
467
3690
287
450
539
1175
1409
376
2636
1490
1193
1075
2853
3945
3005
749
1062
2077
2893
2349
3378
1667
1884
940
135
3096
2405
2264
2027
3006
3168
557
1882
2684
935
3932
2372
494
3304
873
2336
2361
358
3444
3193
1412
1598
1441
1370
3229
3351
3523
1854
3113
1869
3804
653
2120
1932
3532
1335
2504
3037
2660
3181
345
486
2168
1137
2644
3696
1439
2804
2888
2957
2018
1906
798
198
1930
105
3194
4071
2895
2550
2784
3489
2190
632
551
626
556
1540
2937
2196
3202
2216
2990
3608
2628
3010
3016
3192
904
1256
854
2086
1728
2818
2165
2570
2066
3758
1359
1620
284
2270
2807
2667
1993
611
707
1749
219
2125
1883
2519
689
755
1186
1721
3614
1116
934
3618
332
2978
2581
3615
3282
419
215
3403
3629
2883
1788
2920
2898
2475
2614
3730
3491
2184
2789
2573
543
1066
1204
2882
906
247
2078
2441
4006
3109
1683
483
735
2130
2123
2901
1707
2099
3187
281
3399
1067
596
647
2371
1314
722
3046
724
3154
3613
3022
1472
327
1258
1591
3440
1444
3259
1945
112
2863
1309
1518
3621
1681
2122
380
2787
2769
1099
2686
1978
3522
1513
883
3974
1375
2640
1291
597
448
1862
2153
339
3630
809
1456
3814
606
457
470
1210
3562
2348
2643
184
985
1552
534
2232
3518
174
2131
3996
3571
2725
136
1241
646
2928
3929
2856
1957
2825
1928
1542
492
3371
3622
808
3236
552
1463
2431
71
719
3667
1885
2566
3026
463
1353
91
2133
1112
1966
3425
2598
2430
3947
736
2555
2687
2039
3116
2579
1800
1208
3737
3515
2467
3144
3189
1769
1965
1464
1791
1524
2645
1630
3231
2070
3426
2994
1147
987
1622
3766
2496
2768
2918
3654
1942
2773
550
1964
2124
1963
2806
2501
3460
3762
1308
2295
3253
701
667
3719
2414
1628
1822
2892
1958
2970
2403
1160
340
482
2366
3433
2938
119
2927
942
2911
3271
2515
2745
2425
1189
1443
2605
2439
2939
2258
3288
2626
4039
454
1331
1461
1557
1852
2215
423
2206
2835
2952
3874
2542
3741
3298
1569
1135
2958
3214
3042
379
1674
2126
1519
3427
2698
1501
2776
2744
2225
1327
2447
1306
2866
1772
460
2090
2786
2639
3436
2658
3749
687
353
712
3418
2228
1382
2222
1601
661
3205
431
682
283
2238
1158
1774
2242
734
417
2707
2656
542
1397
300
100
2677
1318
3516
361
2720
718
2673
2946
397
2693
2316
2132
1962
2783
3212
2986
628
2680
2965
491
1992
1904
2106
2154
1354
2599
2932
1424
2678
4058
814
1113
2671
1627
2741
3079
3750
631
2380
3559
3155
1427
99
3307
1324
1338
2094
1401
3250
1970
3274
2629
2518
1407
1617
1712
1510
2009
3470
1363
1307
2328
2143
2347
2174
2771
473
1174
1801
902
1425
1550
2338
1974
2387
3102
2830
1226
3475
938
3627
166
1250
101
922
2709
2995
1447
490
3611
3167
2452
2635
172
2539
2886
1468
1499
1926
1507
3230
2265
2392
880
3669
1516
1467
2719
700
444
2649
2323
1784
2837
1947
2378
1377
1402
2642
1330
627
3211
2335
3886
3106
793
519
499
403
3802
1259
1584
2409
3195
472
1195
2591
2290
609
3459
2955
859
2857
1589
3736
1898
1776
1678
2269
1662
2511
3878
2499
1840
2982
602
3442
390
2772
3335
988
2683
401
2851
1637
684
2590
2164
378
3787
2167
1907
3699
3868
607
3035
2845
2087
1664
1685
2119
2310
3679
1789
2311
3735
3798
3718
1198
2200
2834
477
295
1202
544
2929
3319
2828
3488
39
3292
2166
2548
1206
1828
381
1759
2904
1843
1785
1546
1556
3734
1625
1781
3670
3995
2690
351
2234
1488
1224
2465
2248
1879
2473
1654
3050
1582
3508
603
715
2606
1254
3370
1129
1325
2171
1127
658
1851
2627
2298
1694
1994
1746
4007
1745
3438
3469
2618
1897
3190
2252
2491
3847
3350
2708
2657
1138
1530
3221
2214
1326
3439
2073
356
2358
1192
1287
2410
2797
2278
1787
3275
3740
2498
3939
344
1190
1498
3468
2538
2386
1421
168
1576
1946
2161
2871
451
983
1322
2433
1666
3465
1612
1051
3949
1159
1471
299
1477
2263
1705
3991
1506
1438
1115
405
3235
2423
1697
170
1143
3306
3545
3975
1555
698
3754
967
2951
1356
3639
1357
443
676
3356
2388
2878
311
3911
352
2638
2490
1889
3247
2780
1547
1228
610
796
386
2227
471
2659
2203
364
421
2416
598
3503
3757
350
2156
1609
2567
2375
1122
2159
1572
2237
2728
2954
3157
3142
670
2363
2332
2230
951
2875
1770
2761
2802
1117
2135
2218
2350
151
2860
1677
1765
3612
183
2415
2451
3692
1948
3495
3030
1566
1126
806
2330
2588
1990
2022
1578
1782
726
1527
617
462
921
3831
1996
876
2913
3689
3530
3676
2810
1817
433
1722
2921
3100
733
1050
3490
3767
1695
2450
2654
608
3291
1669
3169
475
1680
619
3865
2247
1497
674
792
3930
2142
1753
3655
441
2935
2098
2516
1047
2315
1196
370
2427
1699
2582
3165
742
3672
2370
3443
1319
870
1632
1832
1052
1596
1373
2823
2632
1837
3432
3799
1130
856
2118
3036
2782
437
2460
2173
3256
1404
2941
3782
2199
790
2488
3681
2755
2231
279
1659
3461
567
1422
3208
1180
2389
2764
2551
111
2170
1894
3466
199
1588
2610
1541
3033
3507
2662
487
1515
420
3526
1562
1804
2428
3862
2655
109
394
685
1079
1690
3166
2847
1442
1660
1710
2437
1829
2974
2969
691
110
3882
2968
153
1384
2346
2846
1607
1747
2398
1893
1586
1243
1448
1355
662
2226
2916
3464
3591
1194
2329
2198
152
2757
1692
2890
1271
2334
3691
3547
2404
3480
3673
2737
3421
3097
2524
3517
2495
3047
1827
2733
1786
1485
1549
3245
92
2798
3494
388
2630
1975
3031
677
3476
3434
1136
584
108
2874
2205
2917
2767
2696
1445
1514
866
3184
541
3493
2144
672
3287
418
1842
1846
1621
1469
665
3473
2162
218
2722
1480
2194
2362
1676
1134
2867
2455
759
2525
1551
3514
2922
1121
2262
3944
710
744
298
1411
3993
445
3606
2221
1755
1111
3694
3801
2726
2399
1564
1403
2318
3415
2584
2790
1323
3990
2327
2702
1418
2489
2676
731
2672
2841
860
447
1777
220
3803
2924
2480
459
3693
231
3531
918
3143
1413
3927
3458
3938
2862
2973
2426
396
1590
538
2679
372
3687
867
2870
3099
3210
1594
2182
2754
728
2905
1420
438
2158
1419
1417
1239
3498
2760
106
2742
2746
1599
102
2766
1657
2615
1778
1732
2914
1517
3420
2246
1668
3675
1207
1178
1423
3474
2381
503
3367
2401
1901
648
877
3224
167
1440
2859
2010
1197
3506
3463
2412
1351
2359
2468
1466
2891
3682
2075
3115
442
2443
2670
1724
2509
694
3173
3147
432
3110
476
398
455
1696
2701
3354
2902
155
692
2435
2076
2712
2149
2400
1729
90
2011
811
690
669
2705
1742
2150
812
3435
1465
1462
446
3496
2734
1570
1128
355
3946
407
1771
1567
1486
2514
1688
1470
1891
2908
3751
1554
2530
2822
368
1379
3172
1399
3437
1833
2505
3118
2999
400
1816
775
686
392
1750
839
601
1372
1139
1455
1123
1415
3353
366
2402
1457
3941
2646
2713
2470
3018
2379
1416
2160
729
1452
2152
415
887
3127
3177
660
3243
3684
2134
3738
1614
1602
1619
3703
1903
623
2718
2915
3505
3429
1624
2554
2661
1381
3286
2354
1741
2631
2279
1583
1611
2587
2463
1761
2716
999
2765
2448
2521
2506
107
2462
1522
1597
1394
3942
2743
583
1725
1369
2664
3417
732
1839
1631
1679
3241
427
1802
599
2791
2326
1475
2136
1255
2740
1579
1995
3171
2417
3014
2202
3610
2267
3683
1396
458
1580
347
1768
663
1900
1511
1959
1460
855
2583
2695
3467
874
1392
3218
2840
425
2487
858
1892
436
1684
1803
3191
1863
2706
2966
348
3497
2449
3160
1744
1581
1405
1647
2887
1890
920
3783
1560
1481
3478
1766
879
1378
727
1814
1390
711
2685
414
696
3502
422
2652
1454
2770
540
2925
3114
2474
2967
986
1568
1428
1573
362
2950
1704
872
3183
2251
1484
3623
2775
404
2777
1124
2485
1133
2611
1733
2436
1487
2453
1899
1780
1380
2440
3355
2650
730
624
1764
357
1191
919
2774
614
3158
343
1449
1736
1523
1655
1544
1700
2139
2844
2758
1653
795
1642
2523
2393
1478
1616
2637
875
434
1558
1608
2155
2023
1672
2204
2331
605
104
2476
1701
2827
2355
3513
3161
2710
2407
3419
3095
3206
1740
2250
2694
440
794
371
600
679
1575
1773
439
923
2333
1767
1574
3228
2739
3240
2429
3677
2163
2971
1708
363
2411
1132
375
1927
2074
3994
2738
1727
410
1826
3159
156
1698
3302
3671
3180
2779
1223
3867
3607
2442
622
3015
3170
678
2314
1371
1730
2763
2510
2674
3501
743
354
406
1640
2444
924
1548
1615
2268
536
1386
2648
428
1063
1458
2547
3863
3462
1426
1711
346
1606
3686
2839
2522
3499
810
1763
2266
1604
1646
1446
680
1565
1713
474
2137
1603
1649
1670
2711
2586
2391
1131
791
2762
1395
2493
3879
1714
1709
3527
2781
2456
2446
2502
2923
2651
365
1391
1227
3254
1751
424
1414
413
2838
2854
3098
1762
1743
2508
2647
1779
2907
2903
666
1895
2930
620
1623
3303
1651
3258
1718
2850
1819
604
3237
3238
1388
1706
2546
1737
612
1687
1850
2486
1450
2843
1453
1720
367
1451
416
3485
1738
615
2419
2503
695
429
1838
3164
426
2141
2151
1716
2909
103
807
3483
1459
3688
1385
1663
613
2931
2396
1836
3163
435
3943
1389
1634
2484
1671
1686
2445
535
2438
3034
2394
360
2663
2420
2494
3246
2457
3234
2906
1641
2434
1435
1543
2826
1830
2589
1483
3431
2140
3242
2919
1757
2466
1702
1436
3481
1693
1717
1635
2481
3225
1783
2507
1482
3484
3223
664
1648
2395
2778
2464
3179
2759
1834
3255
1638
154
2675
3162
2714
1613
1835
3482
1433
1387
1636
1587
2413
2653
1799
359
1847
409
2858
871
1820
2478
1633
1383
2717
2855
2454
430
2459
1715
2397
408
2157
2477
2418
1434
3222
3182
616
411
3178
1734
1652
668
1559
1644
3227
1739
2138
1643
1437
1815
1650
3866
2842
1731
2669
1703
3207
412
1719
3111
1831
1735
1818
2482
3226
1479
621
2461
3176
1991
1661
1629
3175
1645
3174
2483
3239
1
4
5
6
14
16
17
50
51
53
61
62
65
66
98
131
196
206
209
261
274
277
307
309
326
391
456
521
547
586
651
716
773
781
789
818
819
820
822
824
827
829
833
846
869
911
949
957
974
976
1010
1013
1020
1025
1041
1093
1106
1171
1176
1222
1230
1232
1236
1246
